The following observations have counts < 50:
IDs: []
Indexes: []



All results: 
pegged_powerlaw
                      isot_i       mjd_mid            IDs    dt_mjd     exp [s]  counts  binned?        chi2  dof   redchi2    nH  nH_neg  nH_pos  PhoIndex  PhoIndex_neg  PhoIndex_pos         norm   norm_neg   norm_pos
0   2025-08-09T15:09:28.1430  60896.634748  00030034165pc  0.009431   811.62070    2076     True   66.969420   87  0.769763  0.14       0       0  1.588410      0.037429      0.037653  1588.627025  55.514771  57.407122
1   2025-08-10T16:03:18.4029  60897.671845  00030034166pc  0.008851   761.67540    2239     True  131.834932   94  1.402499  0.14       0       0  1.604252      0.036359      0.036324  1815.648548  61.248684  63.460590
2   2025-08-11T15:23:28.9553  60898.643435  00030034167pc  0.007342   631.81770    2002     True   89.879029   84  1.069988  0.14       0       0  1.531491      0.039288      0.039310  1646.245432  60.594959  62.937985
3   2025-08-12T08:46:16.3689  60899.370093  00030034168wt  0.012338  1064.24000   20059     True  579.978467  405  1.432046  0.14       0       0  1.503560      0.012172      0.012167  1897.567156  21.487111  21.733325
4   2025-08-13T15:43:36.5681  60900.661196  00030034169wt  0.014910  1286.05300   34016     True  843.612947  477  1.768581  0.14       0       0  1.550021      0.009306      0.009316  1318.630450  11.405133  11.497062
5   2025-08-14T04:03:29.9743  60901.172616  00030034170wt  0.010125   873.31400   12174     True  417.109489  321  1.299407  0.14       0       0  1.512999      0.015750      0.015675  1407.904916  20.512337  20.888813
6   2025-08-15T14:37:36.0004  60902.612925  00030034171wt  0.010048   866.73900   25726     True  725.634741  444  1.634312  0.14       0       0  1.552694      0.010705      0.010709  1402.929441  13.952481  14.086841
7   2025-08-16T17:01:25.6049  60903.713910  00030034172wt  0.012258  1057.36800   32081     True  712.073300  464  1.534641  0.14       0       0  1.650019      0.009725      0.009715  1389.402771  12.420513  12.537705
8   2025-08-17T14:50:25.6178  60904.621896  00030034173wt  0.010175   877.66270   24765     True  562.804294  428  1.314963  0.14       0       0  1.663645      0.011063      0.011103  1284.040948  13.089012  13.191826
9   2025-08-18T11:08:31.4241  60905.466702  00030034175wt  0.007986   688.81160   15862     True  435.484625  335  1.299954  0.14       0       0  1.775394      0.014050      0.014177  1089.713975  13.956448  14.043196
10  2025-08-19T02:36:00.8193  60906.209586  00030034176wt  0.205574  1422.40200   22807     True  568.375604  404  1.406870  0.14       0       0  1.709287      0.011749      0.011802   974.042767  10.501667  10.575888
11  2025-08-20T03:10:20.8154  60907.132000  00030034177wt  0.002717   234.37940    5635     True  201.668507  205  0.983749  0.14       0       0  1.728406      0.023704      0.023714  1077.074957  23.126769  23.642662
12  2025-08-21T07:29:51.0016  60908.316136  00030034178wt  0.010567   911.46220    7402     True  273.268401  241  1.133894  0.14       0       0  1.658489      0.020945      0.020988   781.839487  14.991959  15.262194
13  2025-08-22T20:52:21.2191  60909.872897  00030034179wt  0.009502   819.59970   11917     True  570.825192  305  1.871558  0.14       0       0  1.659575      0.015983      0.015886   635.630312   9.274880   9.450105
14  2025-08-23T04:35:21.4202  60910.195136  00030034180wt  0.010918   941.78200   12816     True  530.774018  313  1.695764  0.14       0       0  1.694740      0.015442      0.015467   594.702483   8.406243   8.520860
15  2025-08-26T01:01:57.6048  60913.046734  00030034183wt  0.010500   905.66040   11572     True  476.248155  285  1.671046  0.14       0       0  1.767717      0.016458      0.016537   533.746094   7.991288   8.089018
16  2025-08-27T00:21:55.7680  60914.018599  00030034184wt  0.009828   847.73780    6796     True  393.652849  220  1.789331  0.14       0       0  1.804622      0.021585      0.021620   311.660911   6.056715   6.178047
17  2025-08-30T08:59:11.4640  60917.381537  03400184001wt  0.017285  1490.95700   13730     True  380.970227  292  1.304693  0.14       0       0  1.925852      0.015564      0.015593   334.921526   4.619642   4.681772
18  2025-08-31T03:57:11.3598  60918.166944  00030034187wt  0.007547   650.94030    2922     True  197.762746  112  1.765739  0.14       0       0  1.923047      0.034291      0.034405   163.228978   4.918693   5.070684
19  2025-09-04T15:11:14.1632  60922.634324  00030034188wt  0.006130   528.73990    3173     True  149.439650  116  1.288273  0.14       0       0  1.967695      0.033265      0.033426   223.835748   6.513324   6.708446
20  2025-09-05T00:29:11.4007  60923.638122  00030034190wt  1.238789  1524.71800    2365     True  169.731053   91  1.865176  0.14       0       0  2.025466      0.040006      0.040095    59.171715   2.032446   2.108421
21  2025-09-08T23:16:21.0632  60926.968255  00030034191wt  0.000221    19.02415      91    False   51.721794   79  0.654706  0.14       0       0  1.836151      0.207009      0.209885   189.566094  32.859267  38.613592
22  2025-09-08T23:16:41.7863  60926.974058  00030034191pc  0.011347   976.44020     567     True   14.447380   24  0.601974  0.14       0       0  1.782684      0.081047      0.081799   175.798049  12.803650  13.839716
23  2025-09-09T00:51:09.2677  60927.034152  00030034194wt  0.000344    29.68151     108    False   57.768598   86  0.671728  0.14       0       0  2.128891      0.221411      0.226082   109.543754  19.161363  23.406566
24  2025-09-09T00:51:40.6645  60927.039335  00030034194pc  0.009983   859.06880     560     True   21.283298   24  0.886804  0.14       0       0  1.944830      0.084029      0.084604   130.404494   9.565582  10.385631
25  2025-09-09T14:58:47.2241  60927.622811  00030034195wt  0.000394    33.94497     139    False   73.409003  106  0.692538  0.14       0       0  2.340200      0.211511      0.226324   101.734884  17.369615  19.571114
26  2025-09-09T14:59:22.9104  60927.628120  00030034195pc  0.010186   876.54970     566     True   30.521697   25  1.220868  0.14       0       0  1.849420      0.077512      0.078010   138.086154   9.480582  10.202646
27  2025-09-09T21:12:15.8278  60927.883634  00030034196wt  0.003322   286.51540    1993     True   80.052239   79  1.013319  0.14       0       0  2.105555      0.044248      0.044692   218.546522   8.226158   8.537924
28  2025-09-09T21:17:04.4834  60927.889115  00030034196pc  0.007603   654.29300     709     True   55.087213   30  1.836240  0.14       0       0  2.007696      0.072505      0.073235   239.941000  15.058594  16.110922
29  2025-09-10T00:08:43.0989  60928.044140  00030034197wt  0.079259   767.37340    6673     True  240.025028  201  1.194154  0.14       0       0  2.172131      0.023412      0.023454   271.813194   5.376734   5.495931
30  2025-09-10T06:20:43.0597  60928.297334  00030034198wt  0.068981   640.05570    5650     True  224.167643  185  1.211717  0.14       0       0  2.168462      0.025702      0.025852   267.063503   5.805576   5.931232
31  2025-09-10T12:33:43.0710  60928.557369  00030034199wt  0.070995   533.59780    3432     True  178.094884  127  1.402322  0.14       0       0  2.007063      0.031270      0.031330   220.268271   5.986742   6.154509
32  2025-09-10T12:35:26.0109  60928.557989  00030034199pc  0.069852   636.82230     539     True   24.335599   23  1.058070  0.14       0       0  1.971239      0.087544      0.088132   182.198003  13.869336  15.117027
33  2025-09-10T19:12:59.5288  60928.799856  00030034200pc  0.001422   122.37590     171    False  106.575970  125  0.852608  0.14       0       0  1.903928      0.135850      0.137776   206.419197  24.060813  27.207793
34  2025-09-10T18:59:56.6313  60928.853669  00030034200wt  0.127169   972.82780    6419     True  230.628227  204  1.130531  0.14       0       0  1.992335      0.023048      0.023117   224.260859   4.521175   4.612933
35  2025-09-12T06:32:49.9910  60930.371333  00030034202pc  0.200152   946.48290     220    False  134.829636  127  1.061651  0.14       0       0  2.185391      0.131122      0.133255    14.238914   1.529542   1.715092
36  2025-09-13T04:28:34.6636  60931.190337  00030034201pc  0.010737   923.99770     130    False  114.877835   91  1.262394  0.14       0       0  1.999959      0.166438      0.168925     6.796143   0.588232   0.718953
37  2025-09-15T15:34:49.6929  60933.647778  00030034204wt  0.000270    23.28729     116    False   60.781291   89  0.682936  0.14       0       0  1.765347      0.222569      0.223377   198.993675  38.158821  46.878475
38  2025-09-15T15:35:14.8580  60933.653419  00030034204pc  0.010969   943.97560     573     True   22.768428   24  0.948684  0.14       0       0  1.774185      0.083946      0.084286   183.199471  13.844626  15.133118
39  2025-09-16T19:29:18.1839  60934.840438  00030034205wt  0.059931    45.50890     178    False   88.679414  123  0.720971  0.14       0       0  2.321471      0.159348      0.162867   111.920602  13.950952  15.762841
40  2025-09-16T19:30:00.2597  60934.842563  00030034205pc  0.063207   801.64180     714     True   51.082064   31  1.647809  0.14       0       0  1.774773      0.068191      0.068674   131.987167   8.111906   8.638142
41  2025-09-20T07:37:15.2519  60938.319041  00030034208pc  0.006094   524.43540     467     True   17.223225   20  0.861161  0.14       0       0  2.079079      0.089351      0.090930   215.263929  16.384030  17.722504
42  2025-09-20T07:31:21.4599  60938.473258  00030034208wt  0.322717   700.07200    5388     True  225.922272  172  1.313502  0.14       0       0  2.260427      0.026635      0.026820   221.555091   4.917911   5.028304
43  2025-09-25T02:20:14.3320  60943.100981  00030034209pc  0.010273   884.04150     172    False  116.688754  123  0.948689  0.14       0       0  1.679093      0.130672      0.132557    15.864395   1.843629   2.069614
44  2025-10-01T10:25:45.0241  60949.433258  00030034213wt  0.000505    43.53558     259    False  149.323506  158  0.945085  0.14       0       0  2.154113      0.136363      0.138858   176.336444  20.126783  22.671690
45  2025-10-01T10:26:30.2946  60949.438579  00030034213pc  0.010099   869.05760     819     True   24.234264   35  0.692408  0.14       0       0  1.851846      0.062956      0.063525   235.480344  13.217579  13.985547
Indexes used for calculating parameters: 
[ 2,24]
Average nH not calculated.
Weighted average of nH not calculated.
Average PhoIndex: 1.738160537805277
Weighted average PhoIndex: 1.6048809472592918 + 0.03564986717875898 - 0.03559009533378046


All results: 
diskbb
                      isot_i       mjd_mid            IDs    dt_mjd     exp [s]  counts  binned?         chi2  dof   redchi2    nH  nH_neg  nH_pos   lg10Flux  lg10Flux_neg  lg10Flux_pos       Tin   Tin_neg   Tin_pos
0   2025-08-09T15:09:28.1430  60896.634748  00030034165pc  0.009431   811.62070    2076     True   153.794217   87  1.767750  0.14       0       0  -8.854413      0.014802      0.015053  1.531442  0.054070  0.057933
1   2025-08-10T16:03:18.4029  60897.671845  00030034166pc  0.008851   761.67540    2239     True   184.219496   94  1.959782  0.14       0       0  -8.811429      0.013970      0.014191  1.437112  0.046715  0.049702
2   2025-08-11T15:23:28.9553  60898.643435  00030034167pc  0.007342   631.81770    2002     True   124.756962   84  1.485202  0.14       0       0  -8.872950      0.015516      0.015715  1.472706  0.053787  0.057861
3   2025-08-12T08:46:16.3689  60899.370093  00030034168wt  0.012338  1064.24000   20059     True   717.566372  405  1.771769  0.14       0       0  -8.798203      0.005030      0.005054  1.562336  0.019755  0.020247
4   2025-08-13T15:43:36.5681  60900.661196  00030034169wt  0.014910  1286.05300   34016     True   922.709949  477  1.934402  0.14       0       0  -8.956055      0.003728      0.003737  1.487329  0.013638  0.013889
5   2025-08-14T04:03:29.9743  60901.172616  00030034170wt  0.010125   873.31400   12174     True   499.877899  321  1.557252  0.14       0       0  -8.924666      0.006344      0.006347  1.560451  0.024548  0.025318
6   2025-08-15T14:37:36.0004  60902.612925  00030034171wt  0.010048   866.73900   25726     True   839.628100  444  1.891054  0.14       0       0  -8.928982      0.004276      0.004286  1.484077  0.015586  0.015814
7   2025-08-16T17:01:25.6049  60903.713910  00030034172wt  0.012258  1057.36800   32081     True  1361.684167  464  2.934664  0.14       0       0  -8.927615      0.003850      0.003830  1.372010  0.012704  0.012814
8   2025-08-17T14:50:25.6178  60904.621896  00030034173wt  0.010175   877.66270   24765     True  1168.304765  428  2.729684  0.14       0       0  -8.960586      0.004324      0.004331  1.358688  0.013948  0.014282
9   2025-08-18T11:08:31.4241  60905.466702  00030034175wt  0.007986   688.81160   15862     True   810.923321  335  2.420667  0.14       0       0  -9.032469      0.005316      0.005344  1.216377  0.015059  0.015467
10  2025-08-19T02:36:00.8193  60906.209586  00030034176wt  0.205574  1422.40200   22807     True  1042.309981  404  2.579975  0.14       0       0  -9.084860      0.004521      0.004544  1.284644  0.013677  0.014007
11  2025-08-20T03:10:20.8154  60907.132000  00030034177wt  0.002717   234.37940    5635     True   346.826610  205  1.691837  0.14       0       0  -9.043037      0.008900      0.008863  1.255374  0.025897  0.026600
12  2025-08-21T07:29:51.0016  60908.316136  00030034178wt  0.010567   911.46220    7402     True   377.948745  241  1.568252  0.14       0       0  -9.188788      0.008231      0.008235  1.321257  0.025756  0.026517
13  2025-08-22T20:52:21.2191  60909.872897  00030034179wt  0.009502   819.59970   11917     True   472.769587  305  1.550064  0.14       0       0  -9.281294      0.005897      0.005928  1.295704  0.017704  0.018152
14  2025-08-23T04:35:21.4202  60910.195136  00030034180wt  0.010918   941.78200   12816     True   480.637199  313  1.535582  0.14       0       0  -9.309662      0.005787      0.005816  1.255234  0.016845  0.017226
15  2025-08-26T01:01:57.6048  60913.046734  00030034183wt  0.010500   905.66040   11572     True   505.962595  285  1.775307  0.14       0       0  -9.357443      0.006041      0.006063  1.167556  0.016049  0.016455
16  2025-08-27T00:21:55.7680  60914.018599  00030034184wt  0.009828   847.73780    6796     True   351.621606  220  1.598280  0.14       0       0  -9.592641      0.007865      0.007836  1.120114  0.019753  0.020272
17  2025-08-30T08:59:11.4640  60917.381537  03400184001wt  0.017285  1490.95700   13730     True   656.453683  292  2.248129  0.14       0       0  -9.550416      0.005477      0.005493  1.034842  0.012773  0.013009
18  2025-08-31T03:57:11.3598  60918.166944  00030034187wt  0.007547   650.94030    2922     True   180.776116  112  1.614072  0.14       0       0  -9.882105      0.012323      0.012311  0.981017  0.026944  0.027974
19  2025-09-04T15:11:14.1632  60922.634324  00030034188wt  0.006130   528.73990    3173     True   182.453978  116  1.572879  0.14       0       0  -9.732049      0.011582      0.010874  0.973930  0.025021  0.023735
20  2025-09-05T00:29:11.4007  60923.638122  00030034190wt  1.238789  1524.71800    2365     True   127.061650   91  1.396282  0.14       0       0 -10.326121      0.013605      0.013496  0.882245  0.026257  0.027233
21  2025-09-08T23:16:21.0632  60926.968255  00030034191wt  0.000221    19.02415      91    False    60.621584   79  0.767362  0.14       0       0  -9.772216      0.077859      0.083125  1.250750  0.203257  0.295383
22  2025-09-08T23:16:41.7863  60926.974058  00030034191pc  0.011347   976.44020     567     True    36.973327   24  1.540555  0.14       0       0  -9.863199      0.027818      0.028501  1.097835  0.065696  0.074452
23  2025-09-09T00:51:09.2677  60927.034152  00030034194wt  0.000344    29.68151     108    False    70.261306   86  0.816992  0.14       0       0 -10.038473      0.071217      0.067165  0.864339  0.126946  0.149903
24  2025-09-09T00:51:40.6645  60927.039335  00030034194pc  0.009983   859.06880     560     True    26.504187   24  1.104341  0.14       0       0 -10.006705      0.025886      0.026370  0.897197  0.048498  0.053886
25  2025-09-09T14:58:47.2241  60927.622811  00030034195wt  0.000394    33.94497     139    False    77.422346  106  0.730399  0.14       0       0 -10.086681      0.069712      0.069351  0.683267  0.096671  0.123323
26  2025-09-09T14:59:22.9104  60927.628120  00030034195pc  0.010186   876.54970     566     True    39.608600   25  1.584344  0.14       0       0  -9.956827      0.025732      0.026216  1.048322  0.057132  0.063272
27  2025-09-09T21:12:15.8278  60927.883634  00030034196wt  0.003322   286.51540    1993     True   206.237656   79  2.610603  0.14       0       0  -9.741262      0.016307      0.016485  0.875650  0.032523  0.034701
28  2025-09-09T21:17:04.4834  60927.889115  00030034196pc  0.007603   654.29300     709     True    87.917112   30  2.930570  0.14       0       0  -9.701858      0.022681      0.022956  0.944487  0.044890  0.048851
29  2025-09-10T00:08:43.0989  60928.044140  00030034197wt  0.079259   767.37340    6673     True   712.041300  201  3.542494  0.14       0       0  -9.621636      0.007784      0.007750  0.873713  0.015101  0.015407
30  2025-09-10T06:20:43.0597  60928.297334  00030034198wt  0.068981   640.05570    5650     True   701.316843  185  3.790902  0.14       0       0  -9.630407      0.008521      0.008495  0.882922  0.016949  0.017278
31  2025-09-10T12:33:43.0710  60928.557369  00030034199wt  0.070995   533.59780    3432     True   373.025858  127  2.937211  0.14       0       0  -9.714480      0.010974      0.011129  1.008784  0.024782  0.026038
32  2025-09-10T12:35:26.0109  60928.557989  00030034199pc  0.069852   636.82230     539     True    34.807287   23  1.513360  0.14       0       0  -9.865275      0.026593      0.026979  0.867044  0.047765  0.053212
33  2025-09-10T19:12:59.5288  60928.799856  00030034200pc  0.001422   122.37590     171    False   144.911406  125  1.159291  0.14       0       0  -9.731396      0.046530      0.047764  1.152828  0.110536  0.134242
34  2025-09-10T18:59:56.6313  60928.853669  00030034200wt  0.127169   972.82780    6419     True   539.390535  204  2.644071  0.14       0       0  -9.716903      0.008239      0.008264  0.997891  0.018539  0.019083
35  2025-09-12T06:32:49.9910  60930.371333  00030034202pc  0.200152   946.48290     220    False   163.839520  127  1.290075  0.14       0       0 -10.888035      0.048328      0.042696  0.902218  0.095904  0.090653
36  2025-09-13T04:28:34.6636  60931.190337  00030034201pc  0.010737   923.99770     130    False   147.851902   91  1.624746  0.14       0       0 -11.221852      0.054458      0.056139  1.039796  0.117222  0.143578
37  2025-09-15T15:34:49.6929  60933.647778  00030034204wt  0.000270    23.28729     116    False    57.613144   89  0.647339  0.14       0       0  -9.873252      0.077312      0.084950  0.949805  0.148467  0.216053
38  2025-09-15T15:35:14.8580  60933.653419  00030034204pc  0.010969   943.97560     573     True    17.929045   24  0.747044  0.14       0       0  -9.889231      0.027384      0.028044  0.981217  0.057063  0.064161
39  2025-09-16T19:29:18.1839  60934.840438  00030034205wt  0.059931    45.50890     178    False    92.100834  123  0.748787  0.14       0       0 -10.032719      0.053949      0.053493  0.721815  0.085061  0.096386
40  2025-09-16T19:30:00.2597  60934.842563  00030034205pc  0.063207   801.64180     714     True    67.208865   31  2.168028  0.14       0       0  -9.975281      0.023585      0.023955  1.134363  0.057554  0.063763
41  2025-09-20T07:37:15.2519  60938.319041  00030034208pc  0.006094   524.43540     467     True    65.051822   20  3.252591  0.14       0       0  -9.720148      0.028251      0.028687  0.963130  0.057010  0.063465
42  2025-09-20T07:31:21.4599  60938.473258  00030034208wt  0.322717   700.07200    5388     True   797.109926  172  4.634360  0.14       0       0  -9.703797      0.009034      0.009032  0.824411  0.016716  0.017159
43  2025-09-25T02:20:14.3320  60943.100981  00030034209pc  0.010273   884.04150     172    False   106.071111  123  0.862367  0.14       0       0 -10.897674      0.047532      0.048524  1.221626  0.120801  0.146592
44  2025-10-01T10:25:45.0241  60949.433258  00030034213wt  0.000505    43.53558     259    False   170.642955  158  1.080019  0.14       0       0  -9.818449      0.044427      0.043104  0.881486  0.084415  0.092827
45  2025-10-01T10:26:30.2946  60949.438579  00030034213pc  0.010099   869.05760     819     True    55.779864   35  1.593710  0.14       0       0  -9.696458      0.021595      0.021912  1.134231  0.052702  0.057461
Indexes used for calculating parameters: 
[]
Average nH not calculated.
Weighted average of nH not calculated.
Average Tin not calculated.
Weighted average of Tin not calculated.


All results: 
diskbb+bbodyrad
                      isot_i       mjd_mid            IDs    dt_mjd     exp [s]  counts  binned?        chi2  dof   redchi2    nH  nH_neg  nH_pos   lg10Flux  lg10Flux_neg  lg10Flux_pos       Tin   Tin_neg   Tin_pos        kT    kT_neg    kT_pos
0   2025-08-09T15:09:28.1430  60896.634748  00030034165pc  0.009431   811.62070    2076     True   80.624272   85  0.948521  0.14       0       0  -8.836716      0.017738      0.018376  2.003147  0.141732  0.194743  0.170350  0.025713  0.033794
1   2025-08-10T16:03:18.4029  60897.671845  00030034166pc  0.008851   761.67540    2239     True  110.427096   92  1.200295  0.14       0       0  -8.805622      0.015361      0.015565  1.669426  0.073605  0.081942  0.116214  0.013939  0.015537
2   2025-08-11T15:23:28.9553  60898.643435  00030034167pc  0.007342   631.81770    2002     True   93.231876   82  1.136974  0.14       0       0  -8.823708      0.031472      0.043879  0.703972  0.119694  0.146709  1.625874  0.290775  0.711718
3   2025-08-12T08:46:16.3689  60899.370093  00030034168wt  0.012338  1064.24000   20059     True  474.096458  403  1.176418  0.14       0       0  -8.750294      0.007890      0.008126  0.957571  0.052500  0.053955  2.182116  0.218832  0.303514
4   2025-08-13T15:43:36.5681  60900.661196  00030034169wt  0.014910  1286.05300   34016     True  594.286680  475  1.251130  0.14       0       0  -8.947404      0.003987      0.004034  1.714558  0.026941  0.028610  0.195508  0.010806  0.011307
5   2025-08-14T04:03:29.9743  60901.172616  00030034170wt  0.010125   873.31400   12174     True  347.003195  319  1.087784  0.14       0       0  -8.886319      0.009455      0.009839  0.883737  0.060498  0.064487  1.896285  0.178386  0.249438
6   2025-08-15T14:37:36.0004  60902.612925  00030034171wt  0.010048   866.73900   25726     True  560.750380  442  1.268666  0.14       0       0  -8.921507      0.004576      0.004630  1.690928  0.028963  0.030966  0.172252  0.011896  0.012697
7   2025-08-16T17:01:25.6049  60903.713910  00030034172wt  0.012258  1057.36800   32081     True  686.457252  462  1.485838  0.14       0       0  -8.915771      0.004149      0.004183  1.675688  0.026575  0.027698  0.180738  0.007148  0.007277
8   2025-08-17T14:50:25.6178  60904.621896  00030034173wt  0.010175   877.66270   24765     True  587.145363  426  1.378275  0.14       0       0  -8.946583      0.004809      0.004866  1.709821  0.033815  0.035750  0.194344  0.008505  0.008685
9   2025-08-18T11:08:31.4241  60905.466702  00030034175wt  0.007986   688.81160   15862     True  447.119509  333  1.342701  0.14       0       0  -9.024314      0.005740      0.005767  1.468049  0.031800  0.034019  0.164633  0.010802  0.011269
10  2025-08-19T02:36:00.8193  60906.209586  00030034176wt  0.205574  1422.40200   22807     True  608.259444  402  1.513083  0.14       0       0  -9.069427      0.005960      0.006061  0.519205  0.027157  0.028848  1.192431  0.041274  0.046443
11  2025-08-20T03:10:20.8154  60907.132000  00030034177wt  0.002717   234.37940    5635     True  205.145232  203  1.010568  0.14       0       0  -9.031242      0.009785      0.009903  1.543075  0.054593  0.061023  0.166998  0.015499  0.016720
12  2025-08-21T07:29:51.0016  60908.316136  00030034178wt  0.010567   911.46220    7402     True  252.608258  239  1.056938  0.14       0       0  -9.144216      0.012978      0.013916  0.728283  0.056048  0.059427  1.622866  0.161749  0.226568
13  2025-08-22T20:52:21.2191  60909.872897  00030034179wt  0.009502   819.59970   11917     True  360.836561  303  1.190880  0.14       0       0  -9.244339      0.009658      0.010227  0.943475  0.057347  0.054243  2.028234  0.298549  0.482572
14  2025-08-23T04:35:21.4202  60910.195136  00030034180wt  0.010918   941.78200   12816     True  326.324632  311  1.049275  0.14       0       0  -9.268288      0.009557      0.010151  0.857202  0.049395  0.049004  1.873365  0.224048  0.331861
15  2025-08-26T01:01:57.6048  60913.046734  00030034183wt  0.010500   905.66040   11572     True  335.634512  283  1.185988  0.14       0       0  -9.308758      0.011097      0.011951  0.828670  0.048799  0.046292  1.961935  0.289327  0.459014
16  2025-08-27T00:21:55.7680  60914.018599  00030034184wt  0.009828   847.73780    6796     True  252.656205  218  1.158973  0.14       0       0  -9.544780      0.012500      0.013252  0.790135  0.045388  0.044824  1.854341  0.254367  0.384536
17  2025-08-30T08:59:11.4640  60917.381537  03400184001wt  0.017285  1490.95700   13730     True  324.184102  290  1.117876  0.14       0       0  -9.518155      0.007613      0.007884  0.586592  0.026294  0.027101  1.300289  0.072178  0.085553
18  2025-08-31T03:57:11.3598  60918.166944  00030034187wt  0.007547   650.94030    2922     True  144.918519  110  1.317441  0.14       0       0  -9.848027      0.015667      0.016326  1.548731  0.162312  0.214758  0.326142  0.025950  0.023884
19  2025-09-04T15:11:14.1632  60922.634324  00030034188wt  0.006130   528.73990    3173     True  121.140882  114  1.062639  0.14       0       0  -9.723974      0.012375      0.012666  1.241936  0.073395  0.089844  0.239896  0.027819  0.026812
20  2025-09-05T00:29:11.4007  60923.638122  00030034190wt  1.238789  1524.71800    2365     True   92.528433   89  1.039645  0.14       0       0 -10.278870      0.020303      0.022307  1.797810  0.305411  0.492598  0.354049  0.021176  0.019474
21  2025-09-08T23:16:21.0632  60926.968255  00030034191wt  0.000221    19.02415      91    False   49.450462   77  0.642214  0.14       0       0  -9.720074      0.096948      0.112761  2.302680  0.790092  2.302680  0.198533  0.082038  0.070568
22  2025-09-08T23:16:41.7863  60926.974058  00030034191pc  0.011347   976.44020     567     True   15.015455   22  0.682521  0.14       0       0  -9.783859      0.063907      0.132674  0.503330  0.094239  0.122051  1.405640  0.333657  1.285363
23  2025-09-09T00:51:09.2677  60927.034152  00030034194wt  0.000344    29.68151     108    False   58.755281   84  0.699468  0.14       0       0 -10.004019      0.092515      0.214364  0.397280  0.136831  0.167892  1.067508  0.334539  2.139112
24  2025-09-09T00:51:40.6645  60927.039335  00030034194pc  0.009983   859.06880     560     True   17.619517   22  0.800887  0.14       0       0  -9.849749      0.138428      0.057049  0.653996  0.139473  0.080866  2.582159  1.563789  2.582159
25  2025-09-09T14:58:47.2241  60927.622811  00030034195wt  0.000394    33.94497     139    False   67.656047  104  0.650539  0.14       0       0 -10.076513      0.070679      0.066766  0.808091  0.121877  0.147570  0.050001  0.050001  0.035932
26  2025-09-09T14:59:22.9104  60927.628120  00030034195pc  0.010186   876.54970     566     True   22.857004   23  0.993783  0.14       0       0  -9.804035      0.102831      0.056159  0.699369  0.102898  0.071739  3.402704  1.863004  3.402704
27  2025-09-09T21:12:15.8278  60927.883634  00030034196wt  0.003322   286.51540    1993     True   92.881930   77  1.206259  0.14       0       0  -9.708147      0.018220      0.018833  1.351782  0.099413  0.122835  0.179038  0.017155  0.017771
28  2025-09-09T21:17:04.4834  60927.889115  00030034196pc  0.007603   654.29300     709     True   61.534141   28  2.197648  0.14       0       0  -9.660534      0.040006      0.058782  0.461144  0.067545  0.076615  1.200833  0.217116  0.446568
29  2025-09-10T00:08:43.0989  60928.044140  00030034197wt  0.079259   767.37340    6673     True  249.185694  199  1.252189  0.14       0       0  -9.611976      0.008816      0.008918  1.221543  0.038547  0.041205  0.150250  0.007967  0.008031
30  2025-09-10T06:20:43.0597  60928.297334  00030034198wt  0.068981   640.05570    5650     True  270.245014  183  1.476749  0.14       0       0  -9.615149      0.010035      0.010171  0.310505  0.015046  0.015676  0.952763  0.035948  0.039424
31  2025-09-10T12:33:43.0710  60928.557369  00030034199wt  0.070995   533.59780    3432     True  209.162322  125  1.673299  0.14       0       0  -9.694666      0.013025      0.013372  1.551767  0.103607  0.125404  0.230980  0.018256  0.017778
32  2025-09-10T12:35:26.0109  60928.557989  00030034199pc  0.069852   636.82230     539     True   21.272072   21  1.012956  0.14       0       0  -9.864838      0.029786      0.033415  0.341184  0.068475  0.102051  0.754415  0.079541  0.143441
33  2025-09-10T19:12:59.5288  60928.799856  00030034200pc  0.001422   122.37590     171    False   98.606996  123  0.801683  0.14       0       0  -9.660164      0.076811      0.097655  0.478376  0.076625  0.093144  1.796747  0.476413  1.262258
34  2025-09-10T18:59:56.6313  60928.853669  00030034200wt  0.127169   972.82780    6419     True  258.532432  202  1.279864  0.14       0       0  -9.682578      0.010646      0.010959  0.477603  0.025009  0.026115  1.226319  0.068775  0.080271
35  2025-09-12T06:32:49.9910  60930.371333  00030034202pc  0.200152   946.48290     220    False  142.382606  125  1.139061  0.14       0       0 -10.801461      0.092286      0.174436  0.416861  0.098126  0.140002  1.627879  0.561054  1.627879
36  2025-09-13T04:28:34.6636  60931.190337  00030034201pc  0.010737   923.99770     130    False  102.808275   89  1.155149  0.14       0       0 -10.965301      0.126916      0.078066  0.454650  0.057828  0.064500  4.000000  1.731625  4.000000
37  2025-09-15T15:34:49.6929  60933.647778  00030034204wt  0.000270    23.28729     116    False   57.757711   87  0.663882  0.14       0       0  -9.545016      0.301904      0.653447  0.636655  0.158671  0.157069  3.977072  2.924854  3.977072
38  2025-09-15T15:35:14.8580  60933.653419  00030034204pc  0.010969   943.97560     573     True   14.945318   22  0.679333  0.14       0       0  -9.879874      0.035852      0.159662  0.512063  0.168466  0.178626  0.877564  0.161376  0.877564
39  2025-09-16T19:29:18.1839  60934.840438  00030034205wt  0.059931    45.50890     178    False   89.395426  121  0.738805  0.14       0       0  -9.992675      0.061573      0.066122  1.251133  0.313752  0.753840  0.214134  0.056499  0.056787
40  2025-09-16T19:30:00.2597  60934.842563  00030034205pc  0.063207   801.64180     714     True   49.421985   29  1.704206  0.14       0       0  -9.967546      0.028445      0.032275  0.426447  0.072806  0.092243  1.010053  0.108252  0.168698
41  2025-09-20T07:37:15.2519  60938.319041  00030034208pc  0.006094   524.43540     467     True   17.008428   18  0.944913  0.14       0       0  -9.684987      0.042367      0.049772  1.649113  0.257674  0.463085  0.171355  0.026629  0.030720
42  2025-09-20T07:31:21.4599  60938.473258  00030034208wt  0.322717   700.07200    5388     True  255.524181  170  1.503083  0.14       0       0  -9.687210      0.010669      0.010673  0.299751  0.014031  0.014238  0.953882  0.038899  0.041622
43  2025-09-25T02:20:14.3320  60943.100981  00030034209pc  0.010273   884.04150     172    False  100.677955  121  0.832049  0.14       0       0 -10.915724      0.045518      0.045574  0.212011  0.068249  0.120459  0.776213  0.064470  0.085987
44  2025-10-01T10:25:45.0241  60949.433258  00030034213wt  0.000505    43.53558     259    False  155.543450  156  0.997073  0.14       0       0  -9.826636      0.046603      0.050289  0.245252  0.062535  0.097022  0.772903  0.098064  0.202571
45  2025-10-01T10:26:30.2946  60949.438579  00030034213pc  0.010099   869.05760     819     True   22.509413   33  0.682103  0.14       0       0  -9.695869      0.024032      0.024569  1.327083  0.088693  0.114558  0.104243  0.025837  0.035431
Indexes used for calculating parameters: 
[12,14]
Average nH not calculated.
Weighted average of nH not calculated.
Average Tin: 0.7927427565273462
Weighted average Tin: 0.8045278324296042 + 0.037807456523469035 - 0.037057526793474044


All results: 
powerlaw+bbodyrad
                      isot_i       mjd_mid            IDs    dt_mjd     exp [s]  counts  binned?        chi2  dof   redchi2    nH  nH_neg  nH_pos   lg10Flux  lg10Flux_neg  lg10Flux_pos  PhoIndex  PhoIndex_neg  PhoIndex_pos        kT    kT_neg    kT_pos
0   2025-08-09T15:09:28.1430  60896.634748  00030034165pc  0.009431   811.62070    2076     True   66.589818   85  0.783410  0.14       0       0  -8.791275      0.016056      0.016096  1.532767      0.048421      0.048202  0.094642  0.027589  0.030488
1   2025-08-10T16:03:18.4029  60897.671845  00030034166pc  0.008851   761.67540    2239     True  118.952299   92  1.292960  0.14       0       0  -8.798380      0.017973      0.019080  2.074090      0.204264      0.238495  1.072403  0.077218  0.072108
2   2025-08-11T15:23:28.9553  60898.643435  00030034167pc  0.007342   631.81770    2002     True   85.879754   82  1.047314  0.14       0       0  -8.803145      0.022837      0.020761  1.550113      0.070097      0.100117  0.700000  0.157283  0.227549
3   2025-08-12T08:46:16.3689  60899.370093  00030034168wt  0.012338  1064.24000   20059     True  579.516602  403  1.438006  0.14       0       0  -8.751210      0.006027      0.006003  1.519973      0.025637      0.026439  0.712118  0.033181  0.035227
4   2025-08-13T15:43:36.5681  60900.661196  00030034169wt  0.014910  1286.05300   34016     True  844.750146  475  1.778421  0.14       0       0  -8.918664      0.004610      0.004622  1.627929      0.022256      0.023129  0.768172  0.024373  0.024816
5   2025-08-14T04:03:29.9743  60901.172616  00030034170wt  0.010125   873.31400   12174     True  417.119284  319  1.307584  0.14       0       0  -8.879234      0.007741      0.007690  1.524357      0.033121      0.034458  0.703006  0.043266  0.047191
6   2025-08-15T14:37:36.0004  60902.612925  00030034171wt  0.010048   866.73900   25726     True  725.715566  442  1.641890  0.14       0       0  -8.892416      0.005379      0.005399  1.650707      0.026717      0.028229  0.798621  0.030107  0.030462
7   2025-08-16T17:01:25.6049  60903.713910  00030034172wt  0.012258  1057.36800   32081     True  558.936110  462  1.209818  0.14       0       0  -8.888235      0.004838      0.004845  1.751479      0.023801      0.025555  0.815246  0.033959  0.034427
8   2025-08-17T14:50:25.6178  60904.621896  00030034173wt  0.010175   877.66270   24765     True  562.923892  426  1.321418  0.14       0       0  -8.917066      0.005574      0.005561  1.741312      0.025871      0.028316  0.797476  0.046561  0.047757
9   2025-08-18T11:08:31.4241  60905.466702  00030034175wt  0.007986   688.81160   15862     True  348.742649  333  1.047275  0.14       0       0  -8.992107      0.006704      0.006711  1.868316      0.031890      0.034806  0.735475  0.041496  0.042610
10  2025-08-19T02:36:00.8193  60906.209586  00030034176wt  0.205574  1422.40200   22807     True  448.313770  402  1.115208  0.14       0       0  -9.047510      0.005952      0.005974  1.852676      0.033174      0.036588  0.826646  0.037037  0.037090
11  2025-08-20T03:10:20.8154  60907.132000  00030034177wt  0.002717   234.37940    5635     True  182.927002  203  0.901118  0.14       0       0  -8.991539      0.012101      0.011847  1.792395      0.048886      0.059963  0.737498  0.089202  0.097664
12  2025-08-21T07:29:51.0016  60908.316136  00030034178wt  0.010567   911.46220    7402     True  277.756254  239  1.162160  0.14       0       0  -9.132059      0.010220      0.010094  1.678142      0.041428      0.044442  0.652683  0.055034  0.061635
13  2025-08-22T20:52:21.2191  60909.872897  00030034179wt  0.009502   819.59970   11917     True  341.375656  303  1.126652  0.14       0       0  -9.240479      0.007410      0.007426  1.693463      0.037871      0.038920  0.651052  0.024801  0.025924
14  2025-08-23T04:35:21.4202  60910.195136  00030034180wt  0.010918   941.78200   12816     True  314.723727  311  1.011973  0.14       0       0  -9.261217      0.007168      0.007173  1.695375      0.035446      0.035724  0.612502  0.025676  0.026918
15  2025-08-26T01:01:57.6048  60913.046734  00030034183wt  0.010500   905.66040   11572     True  307.050796  283  1.084985  0.14       0       0  -9.310008      0.007524      0.007534  1.803527      0.036282      0.037149  0.614033  0.026235  0.027274
16  2025-08-27T00:21:55.7680  60914.018599  00030034184wt  0.009828   847.73780    6796     True  393.646496  218  1.805718  0.14       0       0  -9.537041      0.009575      0.009595  1.744127      0.051639      0.050144  0.532991  0.026603  0.028794
17  2025-08-30T08:59:11.4640  60917.381537  03400184001wt  0.017285  1490.95700   13730     True  380.815120  290  1.313156  0.14       0       0  -9.502057      0.006840      0.006838  1.971148      0.031476      0.032812  0.585418  0.030444  0.031878
18  2025-08-31T03:57:11.3598  60918.166944  00030034187wt  0.007547   650.94030    2922     True  134.826666  110  1.225697  0.14       0       0  -9.817187      0.014971      0.015104  1.825910      0.092169      0.085094  0.483320  0.033501  0.037550
19  2025-09-04T15:11:14.1632  60922.634324  00030034188wt  0.006130   528.73990    3173     True  111.117864  114  0.974718  0.14       0       0  -9.685774      0.014877      0.014930  2.014816      0.077137      0.082068  0.548076  0.048918  0.052416
20  2025-09-05T00:29:11.4007  60923.638122  00030034190wt  1.238789  1524.71800    2365     True  169.812159   89  1.908002  0.14       0       0 -10.250872      0.017652      0.017992  1.720770      0.165786      0.135147  0.413618  0.021967  0.026488
21  2025-09-08T23:16:21.0632  60926.968255  00030034191wt  0.000221    19.02415      91    False   47.901846   77  0.622102  0.14       0       0  -9.720193      0.098941      0.139734  2.481627      0.670431      0.858552  1.533923  0.432355  1.533923
22  2025-09-08T23:16:41.7863  60926.974058  00030034191pc  0.011347   976.44020     567     True   14.637107   22  0.665323  0.14       0       0  -9.742328      0.041806      0.048805  1.635803      0.328910      0.307903  0.281058  0.281058  0.537606
23  2025-09-09T00:51:09.2677  60927.034152  00030034194wt  0.000344    29.68151     108    False   57.469301   84  0.684158  0.14       0       0  -9.948076      0.086411      0.089622  2.041678      0.274202      0.261489  0.055582  0.055582  0.098901
24  2025-09-09T00:51:40.6645  60927.039335  00030034194pc  0.009983   859.06880     560     True   21.877288   22  0.994422  0.14       0       0  -9.916409      0.041849      0.041542  1.888608      0.215569      0.197351  0.445098  0.078926  0.113877
25  2025-09-09T14:58:47.2241  60927.622811  00030034195wt  0.000394    33.94497     139    False   71.563910  104  0.688115  0.14       0       0  -9.966721      0.081077      0.079264  2.144080      0.230230      0.235320  0.050000  0.050000  0.038184
26  2025-09-09T14:59:22.9104  60927.628120  00030034195pc  0.010186   876.54970     566     True   30.513115   23  1.326657  0.14       0       0  -9.861616      0.037915      0.044251  1.527742      0.415923      0.239666  0.383481  0.042641  0.070249
27  2025-09-09T21:12:15.8278  60927.883634  00030034196wt  0.003322   286.51540    1993     True   78.016896   77  1.013206  0.14       0       0  -9.653951      0.017386      0.017578  2.056462      0.064603      0.056846  0.065456  0.065456  0.053113
28  2025-09-09T21:17:04.4834  60927.889115  00030034196pc  0.007603   654.29300     709     True   54.874053   28  1.959788  0.14       0       0  -9.608087      0.029465      0.029665  1.931120      0.087156      0.086168  0.058623  0.058623  0.025151
29  2025-09-10T00:08:43.0989  60928.044140  00030034197wt  0.079259   767.37340    6673     True  222.276029  199  1.116965  0.14       0       0  -9.594517      0.009982      0.010168  2.498966      0.096139      0.102283  0.912233  0.052045  0.056312
30  2025-09-10T06:20:43.0597  60928.297334  00030034198wt  0.068981   640.05570    5650     True  213.478069  183  1.166547  0.14       0       0  -9.589304      0.012135      0.012844  2.506354      0.101031      0.105572  1.129832  0.090137  0.136135
31  2025-09-10T12:33:43.0710  60928.557369  00030034199wt  0.070995   533.59780    3432     True  179.253929  125  1.434031  0.14       0       0  -9.666147      0.012870      0.012699  1.998384      0.049739      0.048754  0.486330  0.078237  0.100774
32  2025-09-10T12:35:26.0109  60928.557989  00030034199pc  0.069852   636.82230     539     True   24.691093   21  1.175766  0.14       0       0  -9.806886      0.054096      0.059370  2.199865      0.278708      0.472590  0.623338  0.183244  0.122967
33  2025-09-10T19:12:59.5288  60928.799856  00030034200pc  0.001422   122.37590     171    False  107.651129  123  0.875212  0.14       0       0  -9.629746      0.072923      0.084421  1.131344      0.646519      0.553165  0.281230  0.051551  0.044155
34  2025-09-10T18:59:56.6313  60928.853669  00030034200wt  0.127169   972.82780    6419     True  232.168003  202  1.149347  0.14       0       0  -9.659906      0.010052      0.009929  2.010989      0.037784      0.042190  0.572430  0.092440  0.109772
35  2025-09-12T06:32:49.9910  60930.371333  00030034202pc  0.200152   946.48290     220    False  135.480963  125  1.083848  0.14       0       0 -10.814864      0.059053      0.063969  1.868741      0.401222      0.311796  0.168267  0.087559  0.057856
36  2025-09-13T04:28:34.6636  60931.190337  00030034201pc  0.010737   923.99770     130    False   98.104545   89  1.102298  0.14       0       0 -11.028738      0.073062      0.063888  0.500000      0.500000      0.368966  0.280783  0.027670  0.011312
37  2025-09-15T15:34:49.6929  60933.647778  00030034204wt  0.000270    23.28729     116    False   57.195062   87  0.657415  0.14       0       0  -9.576803      0.190580      0.092359  0.500000      0.500000      1.176495  0.349674  0.070813  0.065483
38  2025-09-15T15:35:14.8580  60933.653419  00030034204pc  0.010969   943.97560     573     True   23.310739   22  1.059579  0.14       0       0  -9.806118      0.066461      0.059579  1.845210      0.280614      0.436429  0.551922  0.126929  0.130872
39  2025-09-16T19:29:18.1839  60934.840438  00030034205wt  0.059931    45.50890     178    False   86.924315  121  0.718383  0.14       0       0  -9.958427      0.062923      0.067185  2.283145      0.520047      0.327199  0.354437  0.354437  2.826276
40  2025-09-16T19:30:00.2597  60934.842563  00030034205pc  0.063207   801.64180     714     True   47.403006   29  1.634586  0.14       0       0  -9.932822      0.039629      0.046516  2.035356      0.255881      0.366883  0.862457  0.263565  0.161990
41  2025-09-20T07:37:15.2519  60938.319041  00030034208pc  0.006094   524.43540     467     True   12.014890   18  0.667494  0.14       0       0  -9.634827      0.039810      0.041455  1.827696      0.188687      0.159814  0.120990  0.039106  0.042193
42  2025-09-20T07:31:21.4599  60938.473258  00030034208wt  0.322717   700.07200    5388     True  202.253711  170  1.189728  0.14       0       0  -9.658276      0.012824      0.013769  2.578259      0.092030      0.096314  1.255354  0.128062  0.209789
43  2025-09-25T02:20:14.3320  60943.100981  00030034209pc  0.010273   884.04150     172    False  116.320999  121  0.961331  0.14       0       0 -10.911172      0.046599      0.050453  3.075102      1.042683      3.075102  0.800347  0.074277  0.093615
44  2025-10-01T10:25:45.0241  60949.433258  00030034213wt  0.000505    43.53558     259    False  154.022526  156  0.987324  0.14       0       0  -9.736050      0.056216      0.055684  2.033584      0.187540      0.177065  0.068387  0.068387  0.069246
45  2025-10-01T10:26:30.2946  60949.438579  00030034213pc  0.010099   869.05760     819     True   18.803695   33  0.569809  0.14       0       0  -9.617107      0.025003      0.025680  1.778826      0.070497      0.069737  0.050043  0.050043  0.019234
Indexes used for calculating parameters: 
[ 9,11,19]
Average nH not calculated.
Weighted average of nH not calculated.
Average PhoIndex: 1.8918421715585712
Weighted average PhoIndex: 1.8688243419953974 + 0.02826096336419172 - 0.025239293664671668






USING ALL NH RESULTS
Average all nH not calculated.
Weighted average of all nH not calculated.