       obs_id  middle_mjds  mjd_range         flux  flux_er_neg  flux_er_pos  uplims             model cstat_bool  redchi2 binning
00030034165pc 60896.634748   0.009431 1.617056e-09 5.869073e-11 6.105829e-11     NaN powerlaw+bbodyrad        NaN 0.783410    True
00030034166pc 60897.671845   0.008851 1.590818e-09 6.449105e-11 7.144641e-11     NaN powerlaw+bbodyrad        NaN 1.292960    True
00030034167pc 60898.643435   0.007342 1.573458e-09 8.060003e-11 7.704577e-11     NaN powerlaw+bbodyrad        NaN 1.047314    True
00030034168wt 60899.370093   0.012338 1.773333e-09 2.444068e-11 2.468000e-11     NaN powerlaw+bbodyrad        NaN 1.438006    True
00030034169wt 60900.661196   0.014910 1.205969e-09 1.273349e-11 1.290357e-11     NaN powerlaw+bbodyrad        NaN 1.778421    True
00030034170wt 60901.172616   0.010125 1.320584e-09 2.332976e-11 2.359214e-11     NaN powerlaw+bbodyrad        NaN 1.307584    True
00030034171wt 60902.612925   0.010048 1.281102e-09 1.577060e-11 1.602622e-11     NaN powerlaw+bbodyrad        NaN 1.641890    True
00030034172wt 60903.713910   0.012258 1.293495e-09 1.433049e-11 1.451035e-11     NaN powerlaw+bbodyrad        NaN 1.209818    True
00030034173wt 60904.621896   0.010175 1.210413e-09 1.543488e-11 1.559988e-11     NaN powerlaw+bbodyrad        NaN 1.321418    True
00030034175wt 60905.466702   0.007986 1.018340e-09 1.559826e-11 1.585828e-11     NaN powerlaw+bbodyrad        NaN 1.047275    True
00030034176wt 60906.209586   0.205574 8.963755e-10 1.220202e-11 1.241605e-11     NaN powerlaw+bbodyrad        NaN 1.115208    True
00030034177wt 60907.132000   0.002717 1.019674e-09 2.801850e-11 2.819903e-11     NaN powerlaw+bbodyrad        NaN 0.901118    True
00030034178wt 60908.316136   0.010567 7.378039e-10 1.715890e-11 1.734984e-11     NaN powerlaw+bbodyrad        NaN 1.162160    True
00030034179wt 60909.872897   0.009502 5.748051e-10 9.724053e-12 9.913066e-12     NaN powerlaw+bbodyrad        NaN 1.126652    True
00030034180wt 60910.195136   0.010918 5.480031e-10 8.969973e-12 9.126088e-12     NaN powerlaw+bbodyrad        NaN 1.011973    True
00030034183wt 60913.046734   0.010500 4.897696e-10 8.412526e-12 8.570213e-12     NaN powerlaw+bbodyrad        NaN 1.084985    True
00030034184wt 60914.018599   0.009828 2.903747e-10 6.332115e-12 6.486855e-12     NaN powerlaw+bbodyrad        NaN 1.805718    True
03400184001wt 60917.381537   0.017285 3.147332e-10 4.917973e-12 4.994516e-12     NaN powerlaw+bbodyrad        NaN 1.313156    True
00030034187wt 60918.166944   0.007547 1.523396e-10 5.162000e-12 5.391201e-12     NaN powerlaw+bbodyrad        NaN 1.225697    True
00030034188wt 60922.634324   0.006130 2.061703e-10 6.943055e-12 7.211086e-12     NaN powerlaw+bbodyrad        NaN 0.974718    True
00030034190wt 60923.638122   1.238789 5.612139e-11 2.235296e-12 2.373901e-12     NaN powerlaw+bbodyrad        NaN 1.908002    True
00030034191wt 60926.968255   0.000221 1.904612e-10 3.880298e-11 7.228772e-11     NaN powerlaw+bbodyrad        NaN 0.622102   False
00030034191pc 60926.974058   0.011347 1.809973e-10 1.661100e-11 2.152698e-11     NaN powerlaw+bbodyrad        NaN 0.665323    True
00030034194wt 60927.034152   0.000344 1.127000e-10 2.033390e-11 2.583079e-11     NaN powerlaw+bbodyrad        NaN 0.684158   False
00030034194pc 60927.039335   0.009983 1.212247e-10 1.113624e-11 1.216823e-11     NaN powerlaw+bbodyrad        NaN 0.994422    True
00030034195wt 60927.622811   0.000394 1.079639e-10 1.838586e-11 2.161734e-11     NaN powerlaw+bbodyrad        NaN 0.688115   False
00030034195pc 60927.628120   0.010186 1.375259e-10 1.149706e-11 1.475134e-11     NaN powerlaw+bbodyrad        NaN 1.326657    True
00030034196wt 60927.883634   0.003322 2.218448e-10 8.705522e-12 9.163092e-12     NaN powerlaw+bbodyrad        NaN 1.013206    True
00030034196pc 60927.889115   0.007603 2.465548e-10 1.617304e-11 1.742989e-11     NaN powerlaw+bbodyrad        NaN 1.959788    True
00030034197wt 60928.044140   0.079259 2.543798e-10 5.780254e-12 6.025711e-12     NaN powerlaw+bbodyrad        NaN 1.116965    True
00030034198wt 60928.297334   0.068981 2.574517e-10 7.093943e-12 7.727625e-12     NaN powerlaw+bbodyrad        NaN 1.166547    True
00030034199wt 60928.557369   0.070995 2.157016e-10 6.298252e-12 6.400321e-12     NaN powerlaw+bbodyrad        NaN 1.434031    True
00030034199pc 60928.557989   0.069852 1.559960e-10 1.826968e-11 2.285157e-11     NaN powerlaw+bbodyrad        NaN 1.175766    True
00030034200pc 60928.799856   0.001422 2.345598e-10 3.625606e-11 5.032838e-11     NaN powerlaw+bbodyrad        NaN 0.875212   False
00030034200wt 60928.853669   0.127169 2.188237e-10 5.006653e-12 5.060455e-12     NaN powerlaw+bbodyrad        NaN 1.149347    True
00030034202pc 60930.371333   0.200152 1.531568e-11 1.947166e-12 2.430509e-12     NaN powerlaw+bbodyrad        NaN 1.083848   False
00030034201pc 60931.190337   0.010737 9.359697e-12 1.449266e-12 1.483322e-12     NaN powerlaw+bbodyrad        NaN 1.102298   False
00030034204wt 60933.647778   0.000270 2.649701e-10 9.411930e-11 6.278970e-11     NaN powerlaw+bbodyrad        NaN 0.657415   False
00030034204pc 60933.653419   0.010969 1.562722e-10 2.217457e-11 2.297849e-11     NaN powerlaw+bbodyrad        NaN 1.059579    True
00030034205wt 60934.840438   0.059931 1.100457e-10 1.484288e-11 1.841152e-11     NaN powerlaw+bbodyrad        NaN 0.718383   False
00030034205pc 60934.842563   0.063207 1.167289e-10 1.018000e-11 1.319651e-11     NaN powerlaw+bbodyrad        NaN 1.634586    True
00030034208pc 60938.319041   0.006094 2.318316e-10 2.030604e-11 2.321972e-11     NaN powerlaw+bbodyrad        NaN 0.667494    True
00030034208wt 60938.473258   0.322717 2.196461e-10 6.390771e-12 7.075039e-12     NaN powerlaw+bbodyrad        NaN 1.189728    True
00030034209pc 60943.100981   0.010273 1.226953e-11 1.248317e-12 1.511485e-12     NaN powerlaw+bbodyrad        NaN 0.961331   False
00030034213wt 60949.433258   0.000505 1.836326e-10 2.229563e-11 2.512107e-11     NaN powerlaw+bbodyrad        NaN 0.987324   False
00030034213pc 60949.438579   0.010099 2.414866e-10 1.350991e-11 1.470992e-11     NaN powerlaw+bbodyrad        NaN 0.569809    True
